1.073548308704427882e+03	1.530978448546759224e+10
1.073125154478335617e+03	2.099208669727264023e+10
1.072702000252243351e+03	1.817760100111344910e+10
1.072278846026151086e+03	1.066263770634004784e+10
1.071855691800058821e+03	2.899131976289720917e+10
1.071432537573966329e+03	2.250337146541739273e+10
1.071009383347874063e+03	2.915362680726215363e+10
1.070586229121781798e+03	3.733775909692398834e+10
1.070163074895689533e+03	3.187483835505586624e+10
1.069739920669597268e+03	4.620916592326729584e+10
1.069316766443505003e+03	3.327344075921079636e+10
1.068893612217412738e+03	3.971084340741451263e+10
1.068470457991320473e+03	3.725763049677985382e+10
1.068047303765227980e+03	4.058693914757386780e+10
1.067624149539135715e+03	3.560689052230063629e+10
1.067200995313043450e+03	2.308842950833046722e+10
1.066777841086951184e+03	1.944191271725699997e+10
1.066354686860858919e+03	9.203953799735549927e+09
1.065931532634766654e+03	1.907231355317358017e+10
1.065508378408674389e+03	3.602269891126334381e+10
1.065085224182582124e+03	1.235672962319512177e+10
1.064662069956489631e+03	1.477735798165199280e+10
1.064238915730397366e+03	2.009750891039305878e+10
1.063815761504305101e+03	3.442677588239363861e+10
1.063392607278212836e+03	1.718353384956681824e+10
1.062969453052120571e+03	3.383744886425792694e+10
1.062546298826028305e+03	2.607168684525225449e+10
1.062123144599936040e+03	1.796949527760855484e+10
1.061699990373843775e+03	3.222067778471276093e+10
1.061276836147751283e+03	6.049385535055025482e+10
1.060853681921659017e+03	5.319245259090544891e+10
1.060430527695566752e+03	5.623021426265255737e+10
1.060007373469474487e+03	8.316635502273411560e+10
1.059584219243382222e+03	7.626561849399290466e+10
1.059161065017289957e+03	8.426943160076005554e+10
1.058737910791197692e+03	5.844178981649008179e+10
1.058314756565105426e+03	6.979470177581291199e+10
1.057891602339012934e+03	1.054415959304454346e+11
1.057468448112920669e+03	5.134084252677680206e+10
1.057045293886828404e+03	4.324967551462136078e+10
1.056622139660736138e+03	3.823401198414182281e+10
1.056198985434643873e+03	3.590671495368501282e+10
1.055775831208551608e+03	2.669965518452096176e+10
1.055352676982459343e+03	1.282323017149067116e+10
1.054929522756367078e+03	8.496450681414318085e+09
1.054506368530274813e+03	3.544250947857177734e+10
1.054083214304182320e+03	3.689340564640498352e+10
1.053660060078090055e+03	3.529166193590925598e+10
1.053236905851997790e+03	3.419110018642049408e+10
1.052813751625905525e+03	6.169826271203898621e+10
1.052390597399813259e+03	5.598873282398560333e+10
1.051967443173720994e+03	4.792627493621636963e+10
1.051544288947628729e+03	4.005333115543894958e+10
1.051121134721536464e+03	5.474309021660602570e+10
1.050697980495443971e+03	3.811929292233916473e+10
1.050274826269351706e+03	5.486121507386847687e+10
1.049851672043259441e+03	2.240531361358159256e+10
1.049428517817167176e+03	2.235098928064797211e+10
1.049005363591074911e+03	1.429016294435899353e+10
1.048582209364982646e+03	2.208339875637086487e+10
1.048159055138890380e+03	2.796801727370687485e+10
1.047735900912798115e+03	1.814275482260549927e+10
1.047312746686705623e+03	2.686861863629587173e+10
1.046889592460613358e+03	1.986178550383913803e+10
1.046466438234521092e+03	1.704234350475024414e+10
1.046043284008428827e+03	2.760011802556342316e+10
1.045620129782336562e+03	1.143218756045862961e+10
1.045196975556244297e+03	3.473656860213550568e+10
1.044773821330152032e+03	2.301251253776237488e+10
1.044350667104059767e+03	2.132232619047437668e+10
1.043927512877967274e+03	1.776150111920139313e+10
1.043504358651875009e+03	1.692551314094741821e+10
1.043081204425782744e+03	2.827178045542869186e+10
1.042658050199690479e+03	2.978675118869057465e+10
1.042234895973598213e+03	3.230432410139390945e+10
1.041811741747505948e+03	9.022237177504415512e+09
1.041388587521413683e+03	1.964828106790462494e+10
1.040965433295321418e+03	8.458615436859382629e+09
1.040542279069229153e+03	1.238025280958390617e+10
1.040119124843136660e+03	1.353081331522902870e+10
1.039695970617044395e+03	3.554058044298320007e+10
1.039272816390952130e+03	3.303866754060590363e+10
1.038849662164859865e+03	2.636899998323513794e+10
1.038426507938767600e+03	2.178009692746395874e+10
1.038003353712675334e+03	2.954986595255055237e+10
1.037580199486583069e+03	2.231891018112098312e+10
1.037157045260490804e+03	3.204844327519825363e+10
1.036733891034398312e+03	2.319482879606798935e+10
1.036310736808306046e+03	3.130059719614869690e+10
1.035887582582213781e+03	2.895720731482809448e+10
1.035464428356121516e+03	2.367978727661560059e+10
1.035041274130029251e+03	2.042553576065882874e+10
1.034618119903936986e+03	2.248431365723220825e+10
1.034194965677844721e+03	3.335349745287284088e+10
1.033771811451752455e+03	2.408346552821237183e+10
1.033348657225659963e+03	2.574437848963243484e+10
1.032925502999567698e+03	1.899550609287002563e+10
1.032502348773475433e+03	1.382362360660787010e+10
1.032079194547383167e+03	1.981857560994541168e+10
1.031656040321290902e+03	2.109213001084888840e+10
1.031232886095198637e+03	3.848364027108414459e+10
1.030809731869106372e+03	1.080867606425899315e+10
1.030386577643014107e+03	3.356092358332035446e+10
1.029963423416921614e+03	3.147520443986505127e+10
1.029540269190829349e+03	1.849144072197562408e+10
1.029117114964737084e+03	5.023730004400886536e+10
1.028693960738644819e+03	4.558841006360171509e+10
1.028270806512552554e+03	2.656702904590290070e+10
1.027847652286460288e+03	2.184133258887557220e+10
1.027424498060368023e+03	5.549949125581510925e+10
1.027001343834275758e+03	4.339632026281136322e+10
1.026578189608183266e+03	1.303020465821099663e+10
1.026155035382091000e+03	5.620675350935418701e+10
1.025731881155998735e+03	1.970779404031155777e+10
1.025308726929906470e+03	8.678762977411155701e+10
1.024885572703814205e+03	9.213002750606401062e+10
1.024462418477721940e+03	1.457469343206483154e+11
1.024039264251629675e+03	9.450149059528184509e+10
1.023616110025537296e+03	5.660253958644921112e+10
1.023192955799445031e+03	1.830026677211042480e+11
1.022769801573352765e+03	1.094513532209215698e+11
1.022346647347260387e+03	2.222888205188145752e+11
1.021923493121168121e+03	1.197485151310054474e+11
1.021500338895075856e+03	1.205076332570349426e+11
1.021077184668983591e+03	6.737869400571387482e+10
1.020654030442891326e+03	1.259382918657453308e+11
1.020230876216798947e+03	4.821156223824008942e+10
1.019807721990706682e+03	7.270113027362988281e+10
1.019384567764614417e+03	1.561543109537958374e+11
1.018961413538522152e+03	8.152355444259477234e+10
1.018538259312429773e+03	1.390621858391003418e+11
1.018115105086337508e+03	1.171014199511687469e+11
1.017691950860245242e+03	1.814490596552548828e+11
1.017268796634152977e+03	1.739228300590824585e+11
1.016845642408060598e+03	1.184192231050814514e+11
1.016422488181968333e+03	2.022802959475342712e+11
1.015999333955876068e+03	1.635758461097539062e+11
1.015576179729783803e+03	9.495143497076040649e+10
1.015153025503691424e+03	1.402028187693491516e+11
1.014729871277599159e+03	5.003128928509960175e+10
1.014306717051506894e+03	5.493465420568772888e+10
1.013883562825414629e+03	6.206482720992739105e+10
1.013460408599322250e+03	3.419759753719250488e+10
1.013037254373229985e+03	1.003175668336938019e+11
1.012614100147137719e+03	1.434556017995863953e+11
1.012190945921045454e+03	1.866203351631253357e+11
1.011767791694953075e+03	2.132085087590356140e+11
1.011344637468860810e+03	2.081285803616197510e+11
1.010921483242768545e+03	1.860378302726199951e+11
1.010498329016676280e+03	1.572999022802746887e+11
1.010075174790583901e+03	2.166287108342084045e+11
1.009652020564491636e+03	6.771191641637399292e+10
1.009228866338399371e+03	2.466458237430736694e+11
1.008805712112307106e+03	2.241815914748345642e+11
1.008382557886214727e+03	2.091663849665984802e+11
1.007959403660122462e+03	5.949134935075401306e+10
1.007536249434030196e+03	1.400251685254939270e+11
1.007113095207937931e+03	8.024080701180859375e+10
1.006689940981845666e+03	1.472717983451087646e+11
1.006266786755753287e+03	2.944053593463855591e+11
1.005843632529661022e+03	1.781255382949319763e+11
1.005420478303568757e+03	5.425857547441434937e+11
1.004997324077476378e+03	2.336988284874508362e+11
1.004574169851384113e+03	2.522901657627777405e+11
1.004151015625291848e+03	1.806579683424287109e+11
1.003727861399199583e+03	3.296491624550681763e+11
1.003304707173107317e+03	1.273675257674514618e+11
1.002881552947014939e+03	8.824437670334698486e+10
1.002458398720922673e+03	2.002105779683070374e+11
1.002035244494830408e+03	1.825336021031836853e+11
1.001612090268738143e+03	1.232066699033346252e+11
1.001188936042645764e+03	1.234183388763598022e+11
1.000765781816553499e+03	6.838568765505776215e+10
1.000342627590461234e+03	8.188180723187007141e+10
9.999194733643689688e+02	1.176677233622599335e+11
9.994963191382765899e+02	1.251777171196879272e+11
9.990731649121843247e+02	8.514823383541685486e+10
9.986500106860920596e+02	1.233965621846558228e+11
9.982268564599997944e+02	1.150299585084178467e+11
9.978037022339074156e+02	2.088517477818678589e+11
9.973805480078151504e+02	1.250529466508372040e+11
9.969573937817228853e+02	9.085901715541593933e+10
9.965342395556306201e+02	3.981833092720668793e+10
9.961110853295382412e+02	3.796961233783517456e+10
9.956879311034459761e+02	5.851074694952429962e+10
9.952647768773537109e+02	8.827471888548191833e+10
9.948416226512614458e+02	7.623410842559414673e+10
9.944184684251690669e+02	1.103914857076669617e+11
9.939953141990768017e+02	1.971151494383324890e+11
9.935721599729845366e+02	1.604009277513141174e+11
9.931490057468922714e+02	3.068065119170396729e+11
9.927258515208000063e+02	6.108661689076405029e+11
9.923026972947076274e+02	1.672676561563503418e+11
9.918795430686153622e+02	4.668576519859970093e+11
9.914563888425230971e+02	1.589158602767077332e+11
9.910332346164307182e+02	3.061460516831064453e+11
9.906100803903384531e+02	4.023620866299060669e+11
9.901869261642461879e+02	2.371284715231405945e+11
9.897637719381539227e+02	1.963099180033793030e+11
9.893406177120616576e+02	2.440655198035123291e+11
9.889174634859692787e+02	9.601096428944055176e+10
9.884943092598770136e+02	4.294303218771507568e+11
9.880711550337847484e+02	2.387307642062697449e+11
9.876480008076923696e+02	2.857459827603579102e+11
9.872248465816001044e+02	1.691599882277420654e+11
9.868016923555078392e+02	4.154969748944170532e+11
9.863785381294155741e+02	4.910585082686862793e+11
9.859553839033233089e+02	1.857481103673574524e+11
9.855322296772309301e+02	2.629549620491792297e+11
9.851090754511386649e+02	8.560671730211856079e+10
9.846859212250463997e+02	4.742786317401978760e+11
9.842627669989541346e+02	5.052115110342463989e+11
9.838396127728617557e+02	1.759948445355962830e+11
9.834164585467694906e+02	5.652127588378896484e+11
9.829933043206772254e+02	1.532304425162673340e+11
9.825701500945849602e+02	2.469487334643894348e+11
9.821469958684925814e+02	3.696021683106842651e+11
9.817238416424003162e+02	4.996925036448404541e+11
9.813006874163080511e+02	7.434690412002207947e+10
9.808775331902157859e+02	2.623210652258200073e+11
9.804543789641234071e+02	1.538288926544309998e+11
9.800312247380311419e+02	2.460858017925406799e+11
9.796080705119388767e+02	3.321845248625398560e+11
9.791849162858466116e+02	3.146334295651339722e+11
9.787617620597542327e+02	1.893548926715369263e+11
9.783386078336619676e+02	5.408093756919836426e+11
9.779154536075697024e+02	3.243625158087445679e+11
9.774922993814774372e+02	2.200193727966668701e+11
9.770691451553850584e+02	2.042765355497197571e+11
9.766459909292927932e+02	1.849540810021220703e+11
9.762228367032005281e+02	2.823218639021276245e+11
9.757996824771082629e+02	3.454416881422891235e+11
9.753765282510159977e+02	3.318351898075741577e+11
9.749533740249236189e+02	2.243896121109535522e+11
9.745302197988313537e+02	2.697112645961002808e+11
9.741070655727390886e+02	6.823923215685948486e+11
9.736839113466467097e+02	2.244747753758095093e+11
9.732607571205544446e+02	3.209803876639536133e+11
9.728376028944621794e+02	9.234415602623428345e+10
9.724144486683699142e+02	2.402082521402977905e+11
9.719912944422776491e+02	2.398471438238146057e+11
9.715681402161852702e+02	2.029236950656903687e+11
9.711449859900930051e+02	1.995463445332418823e+11
9.707218317640007399e+02	2.756110053801507568e+11
9.702986775379083610e+02	2.479983152266368408e+11
9.698755233118160959e+02	4.394505423373698730e+11
9.694523690857238307e+02	1.744427251115515747e+11
9.690292148596315656e+02	1.356256141666605377e+11
9.686060606335393004e+02	2.937358163829531860e+11
9.681829064074469215e+02	2.320140708287062378e+11
9.677597521813546564e+02	2.409751998616457520e+11
9.673365979552623912e+02	1.457746635572640991e+11
9.669134437291701261e+02	2.298429407866170349e+11
9.664902895030777472e+02	3.099386693740656738e+11
9.660671352769854821e+02	2.649836196289016418e+11
9.656439810508932169e+02	2.245480514511760559e+11
9.652208268248009517e+02	2.189050788554765930e+11
9.647976725987085729e+02	3.115388394121151733e+11
9.643745183726163077e+02	2.606259693734747314e+11
9.639513641465240426e+02	1.758971050808184204e+11
9.635282099204317774e+02	1.855184070222112122e+11
9.631050556943393985e+02	2.605711261760577698e+11
9.626819014682471334e+02	2.983782680124563599e+11
9.622587472421548682e+02	1.994655585509796448e+11
9.618355930160626031e+02	1.705766168457047424e+11
9.614124387899702242e+02	1.361035595460775909e+11
9.609892845638779590e+02	1.524641333124346008e+11
9.605661303377856939e+02	1.239487829690668945e+11
9.601429761116934287e+02	1.973936675671534119e+11
9.597198218856010499e+02	1.261632026751484528e+11
9.592966676595087847e+02	1.294561812043900909e+11
9.588735134334165195e+02	6.211305395872366943e+11
9.584503592073242544e+02	2.248573318273439026e+11
9.580272049812319892e+02	1.174430240858337708e+11
9.576040507551396104e+02	2.572464783590367432e+11
9.571808965290473452e+02	1.845518726684872437e+11
9.567577423029550800e+02	1.437427542792242737e+11
9.563345880768627012e+02	1.306684346355475159e+11
9.559114338507704360e+02	2.481440117110561523e+11
9.554882796246781709e+02	1.208842995365572815e+11
9.550651253985859057e+02	1.942814947289161987e+11
9.546419711724936406e+02	2.478878113152992249e+11
9.542188169464012617e+02	4.474168078086160278e+10
9.537956627203089965e+02	6.164491876420550537e+11
9.533725084942167314e+02	1.447385969269194031e+11
9.529493542681243525e+02	1.862918538253322449e+11
9.525262000420320874e+02	1.355634136846198578e+11
9.521030458159398222e+02	1.917196845557236633e+11
9.516798915898475570e+02	2.894706901264696045e+11
9.512567373637552919e+02	1.699820835304599915e+11
9.508335831376629130e+02	1.494569952641975098e+11
9.504104289115706479e+02	2.449391791618981934e+10
9.499872746854783827e+02	1.641025284103309937e+11
9.495641204593861175e+02	1.370377503971631927e+11
9.491409662332937387e+02	8.146527568312710571e+10
9.487178120072014735e+02	1.534584843824077759e+11
9.482946577811092084e+02	1.182584382472997131e+11
9.478715035550169432e+02	6.986310111953694153e+10
9.474483493289245644e+02	5.520914159024555206e+10
9.470251951028322992e+02	6.948393782013124084e+10
9.466020408767400340e+02	4.687733964677503967e+10
9.461788866506477689e+02	4.865768829550089264e+10
9.457557324245553900e+02	5.031037341921334076e+10
9.453325781984631249e+02	3.611272857763475037e+10
9.449094239723708597e+02	3.136877168423653030e+10
9.444862697462785945e+02	3.250760946642634201e+10
9.440631155201863294e+02	3.084403647280260086e+10
9.436399612940939505e+02	2.962215807436742401e+10
9.432168070680016854e+02	2.896094809414677048e+10
9.427936528419094202e+02	2.892593154898748398e+10
9.423704986158170414e+02	2.908389244336438751e+10
9.419473443897247762e+02	2.786165029622468185e+10
9.415241901636325110e+02	2.837271716905932999e+10
9.411010359375402459e+02	2.860404208990910721e+10
9.406778817114479807e+02	2.939834848955597687e+10
9.402547274853556019e+02	2.809163575905301285e+10
9.398315732592633367e+02	2.889894109548167038e+10
9.394084190331710715e+02	2.838727578299755096e+10
9.389852648070786927e+02	2.811038358027135849e+10
9.385621105809864275e+02	2.899813041987939835e+10
9.381389563548941624e+02	2.818526440041339493e+10
9.377158021288018972e+02	2.835889179102433014e+10
9.372926479027096320e+02	2.788999992509095383e+10
9.368694936766172532e+02	2.763451484363803864e+10
9.364463394505249880e+02	2.790701804891102219e+10
9.360231852244327229e+02	2.815318893067307663e+10
9.356000309983403440e+02	2.821956523568475723e+10
9.351768767722480789e+02	2.837147703606495667e+10
9.347537225461558137e+02	2.836210311377305222e+10
9.343305683200635485e+02	2.784302435919821167e+10
9.339074140939712834e+02	2.769188531097914505e+10
9.334842598678789045e+02	2.727732572492956543e+10
9.330611056417866394e+02	2.765751236050497818e+10
9.326379514156943742e+02	2.861313972144121552e+10
9.322147971896019953e+02	2.873823096136274719e+10
9.317916429635097302e+02	2.806862984102546310e+10
9.313684887374174650e+02	2.813297455468577957e+10
9.309453345113251999e+02	2.805842139721148682e+10
9.305221802852329347e+02	2.739380337536275864e+10
9.300990260591406695e+02	2.873015812298251343e+10
9.296758718330482907e+02	2.788941516509338760e+10
9.292527176069560255e+02	2.760144241239411163e+10
9.288295633808637604e+02	2.756510087794194794e+10
9.284064091547713815e+02	2.809627109347013092e+10
9.279832549286791163e+02	2.741236318482459641e+10
9.275601007025868512e+02	2.759873721845038986e+10
9.271369464764945860e+02	2.755846605494902039e+10
9.267137922504023209e+02	2.751245625170284653e+10
9.262906380243099420e+02	2.820893585632058334e+10
9.258674837982176768e+02	2.758983412069545746e+10
9.254443295721254117e+02	2.795070411443394852e+10
9.250211753460330328e+02	2.713577288035848236e+10
9.245980211199407677e+02	2.750009955678425980e+10
9.241748668938485025e+02	2.771156688167917633e+10
9.237517126677562374e+02	2.742644622689928055e+10
9.233285584416639722e+02	2.682385588354021454e+10
9.229054042155715933e+02	2.706440231065267181e+10
9.224822499894793282e+02	2.625144975236031723e+10
9.220590957633870630e+02	2.631177660948069000e+10
9.216359415372946842e+02	2.710572915348354340e+10
9.212127873112024190e+02	2.697426530644075394e+10
9.207896330851101538e+02	2.671911757455499649e+10
9.203664788590178887e+02	2.701908495212942505e+10
9.199433246329256235e+02	2.667809200942920303e+10
9.195201704068332447e+02	2.657897021372257614e+10
9.190970161807409795e+02	2.709993173108090591e+10
9.186738619546487143e+02	2.640519389175425720e+10
9.182507077285563355e+02	2.587348119706998825e+10
9.178275535024640703e+02	2.615836800510796356e+10
9.174043992763718052e+02	2.604394667391087341e+10
9.169812450502795400e+02	2.620121500292972946e+10
9.165580908241872748e+02	2.674873833061232376e+10
9.161349365980948960e+02	2.635491387481991577e+10
9.157117823720026308e+02	2.604314161581695938e+10
9.152886281459103657e+02	2.580182786740951538e+10
9.148654739198181005e+02	2.578379939459919739e+10
9.144423196937257217e+02	2.581416048960428238e+10
9.140191654676334565e+02	2.624941187742904282e+10
9.135960112415411913e+02	2.577621298864710236e+10
9.131728570154489262e+02	2.624089399739693451e+10
9.127497027893566610e+02	2.601878946318316650e+10
9.123265485632642822e+02	2.563960776574654007e+10
9.119033943371720170e+02	2.558689115682490921e+10
9.114802401110797518e+02	2.511018371683678818e+10
9.110570858849873730e+02	2.554473196728923798e+10
9.106339316588951078e+02	2.616448102686944199e+10
9.102107774328028427e+02	2.538554461923544312e+10
9.097876232067105775e+02	2.548571620977581024e+10
9.093644689806183123e+02	2.600893469130258942e+10
9.089413147545259335e+02	2.597694151957654572e+10
9.085181605284336683e+02	2.548732208312471771e+10
9.080950063023414032e+02	2.558895610454898834e+10
9.076718520762490243e+02	2.548539970553085327e+10
9.072486978501567592e+02	2.501968710522883224e+10
9.068255436240644940e+02	2.502523811064422226e+10
9.064023893979722288e+02	2.535158293871295547e+10
9.059792351718799637e+02	2.527390384246028519e+10
9.055560809457875848e+02	2.531083354422168732e+10
9.051329267196953197e+02	2.545791764356539917e+10
9.047097724936030545e+02	2.514615431448529434e+10
9.042866182675106757e+02	2.519617107734164810e+10
9.038634640414184105e+02	2.557478994365088272e+10
9.034403098153261453e+02	2.525908693631440735e+10
9.030171555892338802e+02	2.508331432314832687e+10
9.025940013631416150e+02	2.523197484386938858e+10
9.021708471370492362e+02	2.513777409942310333e+10
9.017476929109569710e+02	2.513317072146250534e+10
9.013245386848647058e+02	2.528771119115101624e+10
9.009013844587723270e+02	2.476181238917389679e+10
9.004782302326800618e+02	2.472601682466244125e+10
9.000550760065877967e+02	2.500900005597189331e+10
8.996319217804955315e+02	2.467446252463761139e+10
8.992087675544032663e+02	2.402619116458727646e+10
8.987856133283108875e+02	2.434618767282285309e+10
8.983624591022186223e+02	2.441466305062464523e+10
8.979393048761263572e+02	2.423993836065753555e+10
8.975161506500340920e+02	2.497043756600528336e+10
8.970929964239417131e+02	2.457152430270257568e+10
8.966698421978494480e+02	2.452771337766249847e+10
8.962466879717571828e+02	2.442170539173155594e+10
8.958235337456649177e+02	2.401066407389885330e+10
8.954003795195726525e+02	2.419442059230297470e+10
8.949772252934802736e+02	2.443465245184560776e+10
8.945540710673880085e+02	2.401738614477468872e+10
8.941309168412957433e+02	2.412027950682576370e+10
8.937077626152033645e+02	2.382891564117963409e+10
8.932846083891110993e+02	2.411792787730431366e+10
8.928614541630188342e+02	2.402998910164731979e+10
8.924382999369265690e+02	2.348619302401443100e+10
8.920151457108343038e+02	2.394822140827207184e+10
8.915919914847419250e+02	2.411413185949505615e+10
8.911688372586496598e+02	2.378871899233052063e+10
8.907456830325573947e+02	2.391101244460155869e+10
8.903225288064650158e+02	2.370796052425070190e+10
8.898993745803727506e+02	2.364066078408912659e+10
8.894762203542804855e+02	2.342915379945373535e+10
8.890530661281882203e+02	2.381089074490668106e+10
8.886299119020959552e+02	2.328290568601500320e+10
8.882067576760035763e+02	2.298263837648208237e+10
8.877836034499113111e+02	2.340491495418505096e+10
8.873604492238190460e+02	2.328178910308643723e+10
8.869372949977266671e+02	2.308900729364934158e+10
8.865141407716344020e+02	2.334413128004132080e+10
8.860909865455421368e+02	2.321135138748017502e+10
8.856678323194498716e+02	2.294102703861546326e+10
8.852446780933576065e+02	2.361198944924393463e+10
8.848215238672652276e+02	2.317964074211078644e+10
8.843983696411729625e+02	2.308758864823719025e+10
8.839752154150806973e+02	2.250485119617210007e+10
8.835520611889883185e+02	2.350818466286184692e+10
8.831289069628960533e+02	2.296280508261244965e+10
8.827057527368037881e+02	2.266725199866862488e+10
8.822825985107115230e+02	2.340981034668360901e+10
8.818594442846192578e+02	2.270796531732794571e+10
8.814362900585269927e+02	2.278936871476672745e+10
8.810131358324346138e+02	2.276772885593590164e+10
8.805899816063423486e+02	2.332593341762357330e+10
8.801668273802500835e+02	2.301264945411805725e+10
8.797436731541577046e+02	2.291538042107971191e+10
8.793205189280654395e+02	2.229717786645199585e+10
8.788973647019731743e+02	2.278750246378036499e+10
8.784742104758809091e+02	2.323146103929229355e+10
8.780510562497886440e+02	2.253891783414084625e+10
8.776279020236962651e+02	2.307976686565591049e+10
8.772047477976040000e+02	2.243994006043073654e+10
8.767815935715117348e+02	2.267214023951518631e+10
8.763584393454193560e+02	2.242585351785480499e+10
8.759352851193270908e+02	2.253707030337066650e+10
8.755121308932348256e+02	2.301824684724582672e+10
8.750889766671425605e+02	2.241094356187229156e+10
8.746658224410502953e+02	2.227502685497648621e+10
8.742426682149579165e+02	2.221292741798906708e+10
8.738195139888656513e+02	2.281124437291212463e+10
8.733963597627733861e+02	2.208505434734182739e+10
8.729732055366810073e+02	2.200583180715823746e+10
8.725500513105887421e+02	2.180029470502593613e+10
8.721268970844964770e+02	2.225443654688249588e+10
8.717037428584042118e+02	2.227744341546744919e+10
8.712805886323119466e+02	2.199321616455680466e+10
8.708574344062195678e+02	2.158920397615922928e+10
8.704342801801273026e+02	2.123604672263168716e+10
8.700111259540350375e+02	2.182069994853874969e+10
8.695879717279426586e+02	2.171215498176184845e+10
8.691648175018503935e+02	2.123612197553828049e+10
8.687416632757581283e+02	2.178509743878454971e+10
8.683185090496658631e+02	2.123863578704499817e+10
8.678953548235735980e+02	2.159500139479341888e+10
8.674722005974812191e+02	2.148115854223055267e+10
8.670490463713889540e+02	2.105412527444808197e+10
8.666258921452966888e+02	2.136788134973560333e+10
8.662027379192043099e+02	2.140964827389242172e+10
8.657795836931120448e+02	2.128275783987938690e+10
8.653564294670197796e+02	2.118955686383368683e+10
8.649332752409275145e+02	2.130681818875998688e+10
8.645101210148352493e+02	2.089127971421935654e+10
8.640869667887429841e+02	2.078675141885954285e+10
8.636638125626506053e+02	2.060659650364978790e+10
8.632406583365583401e+02	2.140989025928355026e+10
8.628175041104660750e+02	2.137575698256216431e+10
8.623943498843736961e+02	2.106697423233983231e+10
8.619711956582814310e+02	2.087576148158023071e+10
8.615480414321891658e+02	2.068459845557172394e+10
8.611248872060969006e+02	2.020032972038072205e+10
8.607017329800046355e+02	2.108024106703525543e+10
8.602785787539122566e+02	2.039899767656770706e+10
8.598554245278199915e+02	2.065847020140107727e+10
8.594322703017277263e+02	2.052125987006229401e+10
8.590091160756353474e+02	2.026032005565798950e+10
8.585859618495430823e+02	2.076314900937720490e+10
8.581628076234508171e+02	2.041922021401802444e+10
8.577396533973585520e+02	2.096393941221989059e+10
8.573164991712662868e+02	2.045152658695218277e+10
8.568933449451739079e+02	2.099473358321776199e+10
8.564701907190816428e+02	2.012987653580873489e+10
8.560470364929893776e+02	2.017100483170555878e+10
8.556238822668969988e+02	2.037431007019340515e+10
8.552007280408047336e+02	2.023805930242857361e+10
8.547775738147124684e+02	2.016502981838142014e+10
8.543544195886202033e+02	1.989508878989579391e+10
8.539312653625279381e+02	1.991407074721024704e+10
8.535081111364355593e+02	1.977940897484284592e+10
8.530849569103432941e+02	2.022990293978777695e+10
8.526618026842510289e+02	2.059842374609009933e+10
8.522386484581586501e+02	1.998509217874157715e+10
8.518154942320663849e+02	2.009804894593447876e+10
8.513923400059741198e+02	1.963758404552107620e+10
8.509691857798818546e+02	1.984541404281815720e+10
8.505460315537895895e+02	2.005329221368397903e+10
8.501228773276972106e+02	1.987302440475420380e+10
8.496997231016049454e+02	1.947300559108038330e+10
8.492765688755126803e+02	1.936842486749878311e+10
8.488534146494203014e+02	2.011028012696772385e+10
8.484302604233280363e+02	1.912185070335628510e+10
8.480071061972357711e+02	1.979914217635884094e+10
8.475839519711435059e+02	1.990575240375555420e+10
8.471607977450512408e+02	1.969467164694545746e+10
8.467376435189589756e+02	1.916693268523421097e+10
8.463144892928665968e+02	1.970893567942064667e+10
8.458913350667743316e+02	1.902412905329053116e+10
8.454681808406820664e+02	1.954219995897716522e+10
8.450450266145896876e+02	1.958752127288877106e+10
8.446218723884974224e+02	1.921428990338512421e+10
8.441987181624051573e+02	1.881117885412731171e+10
8.437755639363128921e+02	1.919162034078133392e+10
8.433524097102206269e+02	1.905274209684783554e+10
8.429292554841282481e+02	1.949007936320180511e+10
8.425061012580359829e+02	1.882174941498123550e+10
8.420829470319437178e+02	1.907900055496006012e+10
8.416597928058513389e+02	1.865352028645735168e+10
8.412366385797590738e+02	1.854055405096469116e+10
8.408134843536668086e+02	1.887766174118507385e+10
8.403903301275745434e+02	1.840906937642986298e+10
8.399671759014822783e+02	1.896824899743997955e+10
8.395440216753898994e+02	1.840114926070362473e+10
8.391208674492976343e+02	1.861956380456576920e+10
8.386977132232053691e+02	1.872119378123627090e+10
8.382745589971129903e+02	1.824798994855844116e+10
8.378514047710207251e+02	1.854180026150274658e+10
8.374282505449284599e+02	1.830206504206186676e+10
8.370050963188361948e+02	1.828992017712374115e+10
8.365819420927439296e+02	1.856579500612168121e+10
8.361587878666515508e+02	1.864570130656693268e+10
8.357356336405592856e+02	1.855622648121732712e+10
8.353124794144670204e+02	1.816654359761978531e+10
8.348893251883746416e+02	1.854545114090617371e+10
8.344661709622823764e+02	1.858047683239812088e+10
8.340430167361901113e+02	1.833682198810376358e+10
8.336198625100978461e+02	1.860509871364103699e+10
8.331967082840055809e+02	1.811231229167459869e+10
8.327735540579132021e+02	1.802005426997324753e+10
8.323503998318209369e+02	1.815558526170743942e+10
8.319272456057286718e+02	1.807358616036876297e+10
8.315040913796364066e+02	1.786916567647775269e+10
8.310809371535440278e+02	1.814479800513206482e+10
8.306577829274517626e+02	1.789141093212327957e+10
8.302346287013594974e+02	1.814932591497403717e+10
8.298114744752672323e+02	1.802525450427737808e+10
8.293883202491749671e+02	1.796214891352453232e+10
8.289651660230825883e+02	1.787306758927049255e+10
8.285420117969903231e+02	1.747734788045234299e+10
8.281188575708980579e+02	1.783087028658643341e+10
8.276957033448056791e+02	1.746407005566888809e+10
8.272725491187134139e+02	1.771526268699065399e+10
8.268493948926211488e+02	1.749305931151709366e+10
8.264262406665288836e+02	1.734901291543134689e+10
8.260030864404366184e+02	1.712588286201492119e+10
8.255799322143442396e+02	1.706159922624277115e+10
8.251567779882519744e+02	1.701231966888442039e+10
8.247336237621597093e+02	1.687868742060215759e+10
8.243104695360673304e+02	1.705778769936933708e+10
8.238873153099750652e+02	1.731117213080381775e+10
8.234641610838828001e+02	1.703872876451399040e+10
8.230410068577905349e+02	1.707453014919259453e+10
8.226178526316982698e+02	1.701511378163428116e+10
8.221946984056058909e+02	1.699894379225567055e+10
8.217715441795136257e+02	1.738017344102218628e+10
8.213483899534213606e+02	1.703496581755895805e+10
8.209252357273289817e+02	1.710790560285363960e+10
8.205020815012367166e+02	1.694518586652520752e+10
8.200789272751444514e+02	1.690762379583492851e+10
8.196557730490521863e+02	1.712915449391562653e+10
8.192326188229599211e+02	1.670091182561478233e+10
8.188094645968675422e+02	1.662893117051328087e+10
8.183863103707752771e+02	1.731266910627144623e+10
8.179631561446830119e+02	1.724441942800016403e+10
8.175400019185906331e+02	1.687015681449477768e+10
8.171168476924983679e+02	1.652156780847394180e+10
8.166936934664061027e+02	1.650226525132844925e+10
8.162705392403138376e+02	1.679398149351201439e+10
8.158473850142215724e+02	1.670286020749249268e+10
8.154242307881293073e+02	1.651731189775008965e+10
8.150010765620369284e+02	1.676269501093416214e+10
8.145779223359446632e+02	1.656232399231346893e+10
8.141547681098522844e+02	1.672760276266893387e+10
8.137316138837600192e+02	1.631443544134724426e+10
8.133084596576677541e+02	1.617748775918445396e+10
8.128853054315754889e+02	1.641153913043108559e+10
8.124621512054832237e+02	1.636153745787902451e+10
8.120389969793909586e+02	1.637205087566361618e+10
8.116158427532985797e+02	1.645495523198834991e+10
8.111926885272063146e+02	1.619183232536868858e+10
8.107695343011139357e+02	1.628558102478869057e+10
8.103463800750216706e+02	1.591853989340378952e+10
8.099232258489294054e+02	1.592935960742983437e+10
8.095000716228371402e+02	1.568655950882143021e+10
8.090769173967448751e+02	1.583816356072058105e+10
8.086537631706526099e+02	1.594202692010777092e+10
8.082306089445602311e+02	1.565239627070829582e+10
8.078074547184679659e+02	1.586132096880205536e+10
8.073843004923755871e+02	1.591442523107349968e+10
8.069611462662833219e+02	1.609045408005619812e+10
8.065379920401910567e+02	1.564388740755050850e+10
8.061148378140987916e+02	1.560990322488059235e+10
8.056916835880065264e+02	1.544636334377995872e+10
8.052685293619142612e+02	1.563455725494572449e+10
8.048453751358219961e+02	1.535560400427153778e+10
8.044222209097296172e+02	1.528446661178330421e+10
8.039990666836373521e+02	1.538097435624857521e+10
8.035759124575449732e+02	1.502793223270493126e+10
8.031527582314527081e+02	1.529894394045513153e+10
8.027296040053604429e+02	1.527535664112029839e+10
8.023064497792681777e+02	1.520378597041271210e+10
8.018832955531759126e+02	1.486006373842270851e+10
8.014601413270836474e+02	1.522906351568609810e+10
8.010369871009912686e+02	1.500664549739197350e+10
8.006138328748990034e+02	1.503101471607229233e+10
8.001906786488066246e+02	1.495523026030562973e+10
7.997675244227143594e+02	1.485165232512766838e+10
7.993443701966220942e+02	1.505760878674355316e+10
7.989212159705298291e+02	1.509382885100012589e+10
7.984980617444375639e+02	1.477797052433236504e+10
7.980749075183452987e+02	1.451326088449888802e+10
7.976517532922529199e+02	1.508532754966949272e+10
7.972285990661606547e+02	1.486382864149586296e+10
7.968054448400682759e+02	1.475987457671407509e+10
7.963822906139760107e+02	1.483496642241289902e+10
7.959591363878837456e+02	1.452833844371107292e+10
7.955359821617914804e+02	1.474706534411516380e+10
7.951128279356992152e+02	1.463438790890044403e+10
7.946896737096069501e+02	1.470007533156188965e+10
7.942665194835145712e+02	1.447598753320234871e+10
7.938433652574223061e+02	1.447797206776923561e+10
7.934202110313299272e+02	1.458037826515699387e+10
7.929970568052376620e+02	1.413492650684499741e+10
7.925739025791453969e+02	1.445795542167285538e+10
7.921507483530531317e+02	1.389942820771639061e+10
7.917275941269608666e+02	1.423694741324468231e+10
7.913044399008686014e+02	1.432959295659067345e+10
7.908812856747762225e+02	1.419321135929838181e+10
7.904581314486839574e+02	1.406888951073778343e+10
7.900349772225916922e+02	1.391168115072037125e+10
7.896118229964993134e+02	1.415587247225330734e+10
7.891886687704070482e+02	1.407417727187072945e+10
7.887655145443147831e+02	1.390201539925297546e+10
7.883423603182225179e+02	1.374600554514946747e+10
7.879192060921302527e+02	1.385620315501298332e+10
7.874960518660379876e+02	1.375076174289110565e+10
7.870728976399456087e+02	1.384963430248832512e+10
7.866497434138533436e+02	1.362746532406612396e+10
7.862265891877609647e+02	1.376354390280023956e+10
7.858034349616686995e+02	1.382866543990375328e+10
7.853802807355764344e+02	1.370012727630011177e+10
7.849571265094841692e+02	1.335188117377056122e+10
7.845339722833919041e+02	1.340099555846642494e+10
7.841108180572996389e+02	1.343426457857348824e+10
7.836876638312072600e+02	1.341221155840298080e+10
7.832645096051149949e+02	1.330651747668191910e+10
7.828413553790226160e+02	1.339777636103251076e+10
7.824182011529303509e+02	1.338708472945672035e+10
7.819950469268380857e+02	1.331940570361856651e+10
7.815718927007458205e+02	1.341623760145648766e+10
7.811487384746535554e+02	1.328269027738884163e+10
7.807255842485612902e+02	1.338067353348876381e+10
7.803024300224689114e+02	1.326276838050966644e+10
7.798792757963766462e+02	1.307396486947212410e+10
7.794561215702842674e+02	1.333098165267486763e+10
7.790329673441920022e+02	1.317481862768684006e+10
7.786098131180997370e+02	1.299794617590500259e+10
7.781866588920074719e+02	1.288152594716681671e+10
7.777635046659152067e+02	1.300620547139989090e+10
7.773403504398229416e+02	1.297601354833678055e+10
7.769171962137305627e+02	1.300478951184892654e+10
7.764940419876382975e+02	1.296387711005376244e+10
7.760708877615459187e+02	1.315228010734701347e+10
7.756477335354536535e+02	1.301004583074821854e+10
7.752245793093613884e+02	1.290092085425012398e+10
7.748014250832691232e+02	1.316689856046757507e+10
7.743782708571768580e+02	1.270853799162345886e+10
7.739551166310845929e+02	1.281168031253988075e+10
7.735319624049923277e+02	1.250665102713429642e+10
7.731088081788999489e+02	1.254475343740667725e+10
7.726856539528076837e+02	1.275106688962767982e+10
7.722624997267153049e+02	1.266414061277996635e+10
7.718393455006230397e+02	1.279849415903806305e+10
7.714161912745307745e+02	1.259723174377171516e+10
7.709930370484385094e+02	1.253167080219021797e+10
7.705698828223462442e+02	1.253514545835136414e+10
7.701467285962539790e+02	1.243241603757944298e+10
7.697235743701616002e+02	1.228718802690184402e+10
7.693004201440693350e+02	1.241710728108639336e+10
7.688772659179769562e+02	1.230172562025851631e+10
7.684541116918846910e+02	1.233310551487707901e+10
7.680309574657924259e+02	1.219555169682259369e+10
7.676078032397001607e+02	1.213778371729449081e+10
7.671846490136078955e+02	1.218083940226517677e+10
7.667614947875156304e+02	1.180212381304982185e+10
7.663383405614232515e+02	1.212092921712827682e+10
7.659151863353309864e+02	1.195246827585744858e+10
7.654920321092386075e+02	1.179717700590733719e+10
7.650688778831463424e+02	1.180277371994878387e+10
7.646457236570540772e+02	1.206453633689557838e+10
7.642225694309618120e+02	1.157453864628298569e+10
7.637994152048695469e+02	1.187249285796764565e+10
7.633762609787772817e+02	1.158419340428140259e+10
7.629531067526849029e+02	1.197328810477504158e+10
7.625299525265926377e+02	1.180087738879185295e+10
7.621067983005002588e+02	1.170717115921374321e+10
7.616836440744079937e+02	1.159338499614359665e+10
7.612604898483157285e+02	1.136976408772266960e+10
7.608373356222234634e+02	1.159832971561387634e+10
7.604141813961311982e+02	1.147107814255263710e+10
7.599910271700389330e+02	1.161449681924393654e+10
7.595678729439465542e+02	1.152272522781280518e+10
7.591447187178542890e+02	1.156382927036053848e+10
7.587215644917619102e+02	1.165434624574617004e+10
7.582984102656696450e+02	1.140459209007686424e+10
7.578752560395773799e+02	1.124636284939021301e+10
7.574521018134851147e+02	1.159613448738500786e+10
7.570289475873928495e+02	1.138367413476001740e+10
7.566057933613005844e+02	1.130256580937530136e+10
7.561826391352083192e+02	1.114779199618085861e+10
7.557594849091159404e+02	1.127202577150950432e+10
7.553363306830236752e+02	1.094300508229998016e+10
7.549131764569312963e+02	1.116505205006134987e+10
7.544900222308390312e+02	1.098501801174929237e+10
7.540668680047467660e+02	1.071597738014358139e+10
7.536437137786545009e+02	1.090114999451533318e+10
7.532205595525622357e+02	1.097305710920194817e+10
7.527974053264699705e+02	1.073140918039196014e+10
7.523742511003775917e+02	1.052420823831158829e+10
7.519510968742853265e+02	1.067084030494257927e+10
7.515279426481929477e+02	1.071903115947659874e+10
7.511047884221006825e+02	1.066989753473469925e+10
7.506816341960084173e+02	1.073816305694392395e+10
7.502584799699161522e+02	1.052346073340860558e+10
7.498353257438238870e+02	1.068822621223679161e+10
7.494121715177316219e+02	1.052510365376512337e+10
7.489890172916392430e+02	1.052728308815047264e+10
7.485658630655469779e+02	1.063354142145753479e+10
7.481427088394545990e+02	1.059475265097389984e+10
7.477195546133623338e+02	1.056391407297024727e+10
7.472964003872700687e+02	1.055056250930305672e+10
7.468732461611778035e+02	1.053446623782484436e+10
7.464500919350855384e+02	1.053300301424330711e+10
7.460269377089932732e+02	1.026476224413268471e+10
7.456037834829008943e+02	1.038198140942731094e+10
7.451806292568086292e+02	1.028233824188867569e+10
7.447574750307162503e+02	1.019529950928248787e+10
7.443343208046239852e+02	1.022089404810481071e+10
7.439111665785317200e+02	1.036266550640708923e+10
7.434880123524394548e+02	1.024573890183679390e+10
7.430648581263471897e+02	1.023510437472258759e+10
7.426417039002549245e+02	1.024988847754930687e+10
7.422185496741625457e+02	1.028071209509161186e+10
7.417953954480702805e+02	1.011533956776060486e+10
7.413722412219779017e+02	9.943473417481777191e+09
7.409490869958856365e+02	1.006502846538536453e+10
7.405259327697933713e+02	1.007919370283360100e+10
7.401027785437011062e+02	1.009151647802154541e+10
7.396796243176088410e+02	9.898328305109241486e+09
7.392564700915165758e+02	9.974520293505891800e+09
7.388333158654243107e+02	9.922642408163187027e+09
7.384101616393319318e+02	9.901449197637317657e+09
7.379870074132396667e+02	9.612011440885984421e+09
7.375638531871472878e+02	9.600670523015029907e+09
7.371406989610550227e+02	9.743607341234584808e+09
7.367175447349627575e+02	9.595500624725931168e+09
7.362943905088704923e+02	9.560921940970602036e+09
7.358712362827782272e+02	9.801686321916025162e+09
7.354480820566859620e+02	9.607447279734594345e+09
7.350249278305935832e+02	9.371301052789323807e+09
7.346017736045013180e+02	9.532760199812744141e+09
7.341786193784089392e+02	9.611935453003095627e+09
7.337554651523166740e+02	9.467212236866249084e+09
7.333323109262244088e+02	9.215081118212089539e+09
7.329091567001321437e+02	9.557596064167594910e+09
7.324860024740398785e+02	9.353791748269865036e+09
7.320628482479476133e+02	9.126493197444795609e+09
7.316396940218552345e+02	9.147776617863494873e+09
7.312165397957629693e+02	8.894702978666360855e+09
7.307933855696705905e+02	9.236569477763824463e+09
7.303702313435783253e+02	9.305068188575180054e+09
7.299470771174860602e+02	9.491397345004148483e+09
7.295239228913937950e+02	9.195132904971504211e+09
7.291007686653015298e+02	9.123124609728813171e+09
7.286776144392092647e+02	9.103539439160432816e+09
7.282544602131168858e+02	8.699236308529598236e+09
7.278313059870246207e+02	9.134993241901760101e+09
7.274081517609322418e+02	8.938529640155023575e+09
7.269849975348399767e+02	8.897572405272966385e+09
7.265618433087477115e+02	8.935886040529439926e+09
7.261386890826554463e+02	9.143185491711931229e+09
7.257155348565631812e+02	8.915561354608835220e+09
7.252923806304709160e+02	8.806739298423763275e+09
7.248692264043785372e+02	8.839624829884252548e+09
7.244460721782862720e+02	8.667022655342321396e+09
7.240229179521938931e+02	8.752940119491046906e+09
7.235997637261016280e+02	8.939853283621719360e+09
7.231766095000093628e+02	8.465758278266391754e+09
7.227534552739170977e+02	8.324020252286549568e+09
7.223303010478248325e+02	8.306902226254793167e+09
7.219071468217325673e+02	8.557688355386332512e+09
7.214839925956403022e+02	8.401242601841308594e+09
7.210608383695479233e+02	8.785753555944177628e+09
7.206376841434556582e+02	8.365826507095487595e+09
7.202145299173632793e+02	8.293672556803908348e+09
7.197913756912710141e+02	8.313167719752333641e+09
7.193682214651787490e+02	8.330462292817598343e+09
7.189450672390864838e+02	8.352736419821371078e+09
7.185219130129942187e+02	8.393506883305487633e+09
7.180987587869019535e+02	8.333799478049118042e+09
7.176756045608095747e+02	8.381071571247529030e+09
7.172524503347173095e+02	8.138230070858887672e+09
7.168292961086249306e+02	8.340054097370594978e+09
7.164061418825326655e+02	7.933184560582566261e+09
7.159829876564404003e+02	8.250988938197259903e+09
7.155598334303481352e+02	8.076435361673526764e+09
7.151366792042558700e+02	7.981356025906734467e+09
7.147135249781636048e+02	7.959876916554701805e+09
7.142903707520712260e+02	8.121516949737218857e+09
7.138672165259789608e+02	7.830482407023686409e+09
7.134440622998865820e+02	7.923210453863691330e+09
7.130209080737943168e+02	8.270307918473361969e+09
7.125977538477020516e+02	7.897491017759751320e+09
7.121745996216097865e+02	7.675219386775439262e+09
7.117514453955175213e+02	7.586762863190126419e+09
7.113282911694252562e+02	7.749472078401795387e+09
7.109051369433328773e+02	7.796815876234873772e+09
7.104819827172406121e+02	7.794281101686300278e+09
7.100588284911482333e+02	7.795988339383418083e+09
7.096356742650559681e+02	7.797890757965480804e+09
7.092125200389637030e+02	7.517379308725455284e+09
7.087893658128714378e+02	7.642739413000772476e+09
7.083662115867791726e+02	7.577572740557072639e+09
7.079430573606869075e+02	7.874112897431511879e+09
7.075199031345945286e+02	7.442439999797212601e+09
7.070967489085022635e+02	7.406887897507506371e+09
7.066735946824099983e+02	7.562811776203419685e+09
7.062504404563176195e+02	7.525365743197511673e+09
7.058272862302253543e+02	7.481833539154144287e+09
7.054041320041330891e+02	7.269685178033641815e+09
7.049809777780408240e+02	7.158750943338180542e+09
7.045578235519485588e+02	7.385787027606718063e+09
7.041346693258562937e+02	7.413347601763376236e+09
7.037115150997639148e+02	7.356086067866019249e+09
7.032883608736716496e+02	7.385754644011124611e+09
7.028652066475792708e+02	7.195445354149289131e+09
7.024420524214870056e+02	7.102925973723250389e+09
7.020188981953947405e+02	7.118959676066364288e+09
7.015957439693024753e+02	7.131810668841995239e+09
7.011725897432102101e+02	7.362625617429133415e+09
7.007494355171179450e+02	6.943942821480666161e+09
7.003262812910255661e+02	7.348567585230502129e+09
6.999031270649333010e+02	7.093247181479626656e+09
6.994799728388409221e+02	7.019981952790033340e+09
6.990568186127486570e+02	7.138853389403891563e+09
6.986336643866563918e+02	6.915642826880280495e+09
6.982105101605641266e+02	7.128961220664170265e+09
6.977873559344718615e+02	6.749793554026749611e+09
6.973642017083795963e+02	6.862113150374338150e+09
6.969410474822872175e+02	6.902669782733347893e+09
6.965178932561949523e+02	6.868026384948191643e+09
6.960947390301025735e+02	6.832007235657247543e+09
6.956715848040103083e+02	6.806051738087788582e+09
6.952484305779180431e+02	6.816695321659434319e+09
6.948252763518257780e+02	6.767791094751624107e+09
6.944021221257335128e+02	6.808219675860936165e+09
6.939789678996412476e+02	6.851940687383007050e+09
6.935558136735488688e+02	6.761757587174489975e+09
6.931326594474566036e+02	6.674818751118318558e+09
6.927095052213642248e+02	6.571684990733141899e+09
6.922863509952719596e+02	6.497556709590499878e+09
6.918631967691796945e+02	6.476349760708981514e+09
6.914400425430874293e+02	6.289053400813199997e+09
6.910168883169951641e+02	6.441963497588542938e+09
6.905937340909028990e+02	6.428745084695680618e+09
6.901705798648106338e+02	6.600461370677853584e+09
6.897474256387182550e+02	6.457913391126425743e+09
6.893242714126259898e+02	6.347227710812444687e+09
6.889011171865336109e+02	6.269217600993717194e+09
6.884779629604413458e+02	6.043441450449990273e+09
6.880548087343490806e+02	6.285859426889699936e+09
6.876316545082568155e+02	6.118039302651896477e+09
6.872085002821645503e+02	6.218017685584523201e+09
6.867853460560722851e+02	6.141007687386022568e+09
6.863621918299799063e+02	6.342445959483314514e+09
6.859390376038876411e+02	6.122733657338466644e+09
6.855158833777952623e+02	6.166447779721414566e+09
6.850927291517029971e+02	6.207506708643133163e+09
6.846695749256107320e+02	6.227445483695599556e+09
6.842464206995184668e+02	6.193134607760826111e+09
6.838232664734262016e+02	6.135999742964921951e+09
6.834001122473339365e+02	6.079514309331658363e+09
6.829769580212415576e+02	5.811291398712171555e+09
6.825538037951492925e+02	5.651345827146581650e+09
6.821306495690569136e+02	5.689702450429873466e+09
6.817074953429646484e+02	5.795130298745491028e+09
6.812843411168723833e+02	6.011293172769172668e+09
6.808611868907801181e+02	5.752330968142468452e+09
6.804380326646878530e+02	5.928588305854257584e+09
6.800148784385955878e+02	5.772282601579815865e+09
6.795917242125032089e+02	5.620605188751406670e+09
6.791685699864109438e+02	5.797850463815940857e+09
6.787454157603185649e+02	5.688060103586225510e+09
6.783222615342262998e+02	5.656485651618760109e+09
6.778991073081340346e+02	5.568211880898776054e+09
6.774759530820417694e+02	5.580071354352902412e+09
6.770527988559495043e+02	5.705498868730007172e+09
6.766296446298572391e+02	5.528569287115239143e+09
6.762064904037648603e+02	5.763304240631771088e+09
6.757833361776725951e+02	5.486083150363638878e+09
6.753601819515802163e+02	5.775298479016587257e+09
6.749370277254879511e+02	5.687401750965795517e+09
6.745138734993956859e+02	5.300637173460327148e+09
6.740907192733034208e+02	5.584461517902894974e+09
6.736675650472111556e+02	5.338323461132631302e+09
6.732444108211188905e+02	5.484568372675277710e+09
6.728212565950266253e+02	5.514891317845181465e+09
6.723981023689342464e+02	5.470554473102489471e+09
6.719749481428419813e+02	5.239618509660270691e+09
6.715517939167496024e+02	5.641570925996426582e+09
6.711286396906573373e+02	5.542392241698185921e+09
6.707054854645650721e+02	5.206535714074302673e+09
6.702823312384728069e+02	5.103892640632433891e+09
6.698591770123805418e+02	5.259186193860980034e+09
6.694360227862882766e+02	4.965285579145878792e+09
6.690128685601958978e+02	5.125581631991357803e+09
6.685897143341036326e+02	5.561569712360771179e+09
6.681665601080112538e+02	5.032177545356354713e+09
6.677434058819189886e+02	5.005234179355363846e+09
6.673202516558267234e+02	5.240679635345510483e+09
6.668970974297344583e+02	5.339469394899615288e+09
6.664739432036421931e+02	5.298639709330906868e+09
6.660507889775499279e+02	5.054106873601415634e+09
6.656276347514575491e+02	4.781570483196099281e+09
6.652044805253652839e+02	5.145346125086739540e+09
6.647813262992729051e+02	4.829067490747021675e+09
6.643581720731806399e+02	4.971150559106836319e+09
6.639350178470883748e+02	4.979097667719578743e+09
6.635118636209961096e+02	5.018235635580966949e+09
6.630887093949038444e+02	4.996665773383797646e+09
6.626655551688115793e+02	4.831360971944353104e+09
6.622424009427192004e+02	5.067793919845881462e+09
6.618192467166269353e+02	4.781281038643471718e+09
6.613960924905345564e+02	4.792447215426144600e+09
6.609729382644422913e+02	4.950256902707351685e+09
6.605497840383500261e+02	4.633956108443830490e+09
6.601266298122577609e+02	4.707209157876347542e+09
6.597034755861654958e+02	4.908838878536554337e+09
6.592803213600732306e+02	4.793287553144180298e+09
6.588571671339808518e+02	4.585694357855801582e+09
6.584340129078885866e+02	4.731958094319998741e+09
6.580108586817962077e+02	4.766181653254329681e+09
6.575877044557039426e+02	4.719881869367614746e+09
6.571645502296116774e+02	4.557632293743945122e+09
6.567413960035194123e+02	4.888216816050058365e+09
6.563182417774271471e+02	4.431537761707347870e+09
6.558950875513348819e+02	4.402832959812265396e+09
6.554719333252426168e+02	4.403475731185227394e+09
6.550487790991502379e+02	4.219236046275299549e+09
6.546256248730579728e+02	4.542078591424759865e+09
6.542024706469655939e+02	4.488715234167776108e+09
6.537793164208733288e+02	4.392827398387509346e+09
6.533561621947810636e+02	4.104381414891942978e+09
6.529330079686887984e+02	4.310730898976800919e+09
6.525098537425965333e+02	4.225461660067108631e+09
6.520866995165042681e+02	4.251522903739087105e+09
6.516635452904118893e+02	4.441695982286989212e+09
6.512403910643196241e+02	4.293355102796710014e+09
6.508172368382272452e+02	4.226136860482770920e+09
6.503940826121349801e+02	4.233009378169087410e+09
6.499709283860427149e+02	4.143183364821224689e+09
6.495477741599504498e+02	4.186309601032833576e+09
6.491246199338581846e+02	4.121914892087810993e+09
6.487014657077659194e+02	3.873386602874189854e+09
6.482783114816735406e+02	3.904767041496220589e+09
6.478551572555812754e+02	4.099442743900259495e+09
6.474320030294888966e+02	4.220936179079016685e+09
6.470088488033966314e+02	4.356744875251214027e+09
6.465856945773043662e+02	4.085422337040270805e+09
6.461625403512121011e+02	3.843991171905663490e+09
6.457393861251198359e+02	4.124088219161351681e+09
6.453162318990275708e+02	3.842316642930420876e+09
6.448930776729351919e+02	3.790645652194999218e+09
6.444699234468429268e+02	3.956846328470876217e+09
6.440467692207505479e+02	3.926030882290664196e+09
6.436236149946582827e+02	3.822991529142445087e+09
6.432004607685660176e+02	3.810119763268150330e+09
6.427773065424737524e+02	3.603846559849372387e+09
6.423541523163814873e+02	3.762739236558789730e+09
6.419309980902892221e+02	3.927363943482921124e+09
6.415078438641968432e+02	3.730287869364833355e+09
6.410846896381045781e+02	3.513467916016823292e+09
6.406615354120121992e+02	3.567114969453812599e+09
6.402383811859199341e+02	3.521816121393560410e+09
6.398152269598276689e+02	3.787699988264087677e+09
6.393920727337354037e+02	3.751958495370715618e+09
6.389689185076431386e+02	3.639942911189914703e+09
6.385457642815508734e+02	3.836430273764342785e+09
6.381226100554586083e+02	3.646167694772700787e+09
6.376994558293662294e+02	3.789357789779557705e+09
6.372763016032739642e+02	3.419035061433453560e+09
6.368531473771815854e+02	3.586047312475298882e+09
6.364299931510893202e+02	3.520493714714413643e+09
6.360068389249970551e+02	3.375105561596430779e+09
6.355836846989047899e+02	3.556606514945329189e+09
6.351605304728125247e+02	3.361954670146191120e+09
6.347373762467202596e+02	3.337209680542279720e+09
6.343142220206278807e+02	3.521783566335441113e+09
6.338910677945356156e+02	3.311773563378999233e+09
6.334679135684432367e+02	3.273559465805397511e+09
6.330447593423509716e+02	3.361142722092890739e+09
6.326216051162587064e+02	3.334344541794209003e+09
6.321984508901664412e+02	3.164732659221223831e+09
6.317752966640741761e+02	3.352756076956965446e+09
6.313521424379819109e+02	3.307059936842365265e+09
6.309289882118895321e+02	3.236372535416414261e+09
6.305058339857972669e+02	3.375450215300400734e+09
6.300826797597048881e+02	3.166681912121602535e+09
6.296595255336126229e+02	3.312319812368136883e+09
6.292363713075203577e+02	3.265145109272217751e+09
6.288132170814280926e+02	3.094291279296775818e+09
6.283900628553358274e+02	3.240718602035308361e+09
6.279669086292435622e+02	3.139892635810927868e+09
6.275437544031511834e+02	3.151189538149348736e+09
6.271206001770589182e+02	3.092064164498633862e+09
6.266974459509665394e+02	3.255976422871184826e+09
6.262742917248742742e+02	3.067163590732980251e+09
6.258511374987820091e+02	3.120027067497573376e+09
6.254279832726897439e+02	3.223772673899900436e+09
6.250048290465974787e+02	3.051509147568221569e+09
6.245816748205052136e+02	3.147301480054502964e+09
6.241585205944128347e+02	2.819719922673059940e+09
6.237353663683205696e+02	2.976690787970633507e+09
6.233122121422283044e+02	2.931984932743708134e+09
6.228890579161359256e+02	3.079820637098528385e+09
6.224659036900436604e+02	2.978141275304847717e+09
6.220427494639513952e+02	3.099081157056516647e+09
6.216195952378591301e+02	2.943836635670691013e+09
6.211964410117668649e+02	2.754882930471095085e+09
6.207732867856745997e+02	2.849521496028313160e+09
6.203501325595822209e+02	2.868604379596184731e+09
6.199269783334899557e+02	2.806578877766963959e+09
6.195038241073975769e+02	2.782811137291670322e+09
6.190806698813053117e+02	2.775303615816738129e+09
6.186575156552130466e+02	2.642831493662491798e+09
6.182343614291207814e+02	2.877227260888194084e+09
6.178112072030285162e+02	2.770108674512315273e+09
6.173880529769362511e+02	2.647248099729650497e+09
6.169648987508438722e+02	2.595617788009445190e+09
6.165417445247516071e+02	2.823052375448863029e+09
6.161185902986592282e+02	2.872385141883326054e+09
6.156954360725669630e+02	2.579338128910475254e+09
6.152722818464746979e+02	2.348157783153481007e+09
6.148491276203824327e+02	2.568045267610416412e+09
6.144259733942901676e+02	2.619580708585886478e+09
6.140028191681979024e+02	2.498989287056755066e+09
6.135796649421055236e+02	2.588726271423463345e+09
6.131565107160132584e+02	2.425187744895339012e+09
6.127333564899208795e+02	2.455466461241483688e+09
6.123102022638286144e+02	2.373476882942455769e+09
6.118870480377363492e+02	2.388642265839953899e+09
6.114638938116440841e+02	2.393219803571747303e+09
6.110407395855518189e+02	2.268399609951045990e+09
6.106175853594595537e+02	2.463005292683852196e+09
6.101944311333671749e+02	2.644581199428616047e+09
6.097712769072749097e+02	2.600135218729892731e+09
6.093481226811825309e+02	2.523975742949460983e+09
6.089249684550902657e+02	2.387991409062643528e+09
6.085018142289980005e+02	2.553218222357080936e+09
6.080786600029057354e+02	2.426196233406686783e+09
6.076555057768134702e+02	2.426867724001211166e+09
6.072323515507212051e+02	2.219371023564715862e+09
6.068091973246289399e+02	2.453806495936830044e+09
6.063860430985365610e+02	2.240555770131008625e+09
6.059628888724442959e+02	2.327963782488568783e+09
6.055397346463519170e+02	2.360933888982727528e+09
6.051165804202596519e+02	2.422413013058706284e+09
6.046934261941673867e+02	2.137922263676576614e+09
6.042702719680751215e+02	2.091007136795623541e+09
6.038471177419828564e+02	2.022668670711006880e+09
6.034239635158905912e+02	2.128542459630915165e+09
6.030008092897982124e+02	2.383447035371329308e+09
6.025776550637059472e+02	2.034461395944336414e+09
6.021545008376135684e+02	2.117633292034084558e+09
6.017313466115213032e+02	2.209378710964795589e+09
6.013081923854290380e+02	2.124304839373012781e+09
6.008850381593367729e+02	2.083553228372407675e+09
6.004618839332445077e+02	2.126344526362932205e+09
6.000387297071522426e+02	1.901079773622721434e+09
5.996155754810598637e+02	2.252154469608500004e+09
5.991924212549675985e+02	2.460585692926508904e+09
5.987692670288752197e+02	2.141118077853708267e+09
5.983461128027829545e+02	1.784328187159225941e+09
5.979229585766906894e+02	2.056416155842936754e+09
5.974998043505984242e+02	2.294365689336979389e+09
5.970766501245061590e+02	2.372383492350370407e+09
5.966534958984138939e+02	2.215567354677467346e+09
5.962303416723215150e+02	2.077983831803312063e+09
5.958071874462292499e+02	1.826710495382327318e+09
5.953840332201368710e+02	1.970614445112900257e+09
5.949608789940446059e+02	2.063581193248770714e+09
5.945377247679523407e+02	1.850913410414669991e+09
5.941145705418600755e+02	2.167780937624587536e+09
5.936914163157678104e+02	1.912011488022638321e+09
5.932682620896755452e+02	2.009741088543256760e+09
5.928451078635831664e+02	1.843410085109227657e+09
5.924219536374909012e+02	1.733826408559284687e+09
5.919987994113985224e+02	1.799746877597544193e+09
5.915756451853062572e+02	2.057986113818092346e+09
5.911524909592139920e+02	1.855284391758376598e+09
5.907293367331217269e+02	1.786659113213901758e+09
5.903061825070294617e+02	1.838875599183762789e+09
5.898830282809371965e+02	1.912627126217459917e+09
5.894598740548449314e+02	1.631536505023156166e+09
5.890367198287525525e+02	1.320051211134202719e+09
5.886135656026602874e+02	2.220526045130464554e+09
5.881904113765679085e+02	2.469715222793816090e+09
5.877672571504756434e+02	1.967055363545225620e+09
5.873441029243833782e+02	2.251027019118336201e+09
5.869209486982911130e+02	2.198447574028773785e+09
5.864977944721988479e+02	2.059659319372480392e+09
5.860746402461065827e+02	2.001768943717531204e+09
5.856514860200142039e+02	1.682230805938200712e+09
5.852283317939219387e+02	1.474043308393529415e+09
5.848051775678295598e+02	1.421708146504882336e+09
5.843820233417372947e+02	1.878402245711338282e+09
5.839588691156450295e+02	1.387562467565386772e+09
5.835357148895527644e+02	2.026522815586694241e+09
5.831125606634604992e+02	1.985595604310299635e+09
5.826894064373682340e+02	2.031329764759410858e+09
5.822662522112758552e+02	1.970195690148010015e+09
5.818430979851835900e+02	1.847356599217249155e+09
5.814199437590912112e+02	1.823543272501403093e+09
5.809967895329989460e+02	1.252412495530279875e+09
5.805736353069066809e+02	1.576331373251394749e+09
5.801504810808144157e+02	1.785331474164061785e+09
5.797273268547221505e+02	1.690805734230662823e+09
5.793041726286298854e+02	1.769179870808316708e+09
5.788810184025375065e+02	2.072789219254308224e+09
5.784578641764452414e+02	1.894719732888550282e+09
5.780347099503528625e+02	1.566004141879499674e+09
5.776115557242605973e+02	1.484067431047964573e+09
5.771884014981683322e+02	1.406793400625137568e+09
5.767652472720760670e+02	2.117150517552948952e+09
5.763420930459838019e+02	1.686276571110000849e+09
5.759189388198915367e+02	1.225085053743689537e+09
5.754957845937991578e+02	1.239359011746938229e+09
5.750726303677068927e+02	1.366368355181826115e+09
5.746494761416145138e+02	1.445446023150703192e+09
5.742263219155222487e+02	1.490130688675393581e+09
5.738031676894299835e+02	1.672793611476005316e+09
5.733800134633377183e+02	2.553703778089258194e+09
5.729568592372454532e+02	1.634574923429011583e+09
5.725337050111531880e+02	1.440362270612707138e+09
5.721105507850609229e+02	1.342503577482392788e+09
5.716873965589685440e+02	1.478412703485665560e+09
5.712642423328762789e+02	1.887056614493539810e+09
5.708410881067839000e+02	1.563038633025358438e+09
5.704179338806916348e+02	1.714897219617961168e+09
5.699947796545993697e+02	1.775704195770751715e+09
5.695716254285071045e+02	2.303580185655536652e+09
5.691484712024148394e+02	1.875737873501027822e+09
5.687253169763225742e+02	1.234399137748255253e+09
5.683021627502301953e+02	1.228816233275956631e+09
5.678790085241379302e+02	1.194175377799319267e+09
5.674558542980455513e+02	1.374855427796958685e+09
5.670327000719532862e+02	1.650002682552290678e+09
5.666095458458610210e+02	1.353429267041423082e+09
5.661863916197687558e+02	1.305233897840739965e+09
5.657632373936764907e+02	1.387219487172700405e+09
5.653400831675842255e+02	9.408419114745336771e+08
5.649169289414918467e+02	1.634527151081296682e+09
5.644937747153995815e+02	1.312834722184330463e+09
5.640706204893072027e+02	1.387907151502017260e+09
5.636474662632149375e+02	9.787837826766200066e+08
5.632243120371226723e+02	1.131817679583127499e+09
5.628011578110304072e+02	1.385121673655997038e+09
5.623780035849381420e+02	1.706736333531881094e+09
5.619548493588458768e+02	1.273738493771097183e+09
5.615316951327534980e+02	1.342491297897887230e+09
5.611085409066612328e+02	1.299249100249420404e+09
5.606853866805689677e+02	1.212616773658952951e+09
5.602622324544765888e+02	9.345893974338606596e+08
5.598390782283843237e+02	9.601632295497092009e+08
5.594159240022920585e+02	1.123797195403438091e+09
5.589927697761997933e+02	9.289939856514306068e+08
5.585696155501074145e+02	1.108839159614502192e+09
5.581464613240151493e+02	1.003975124944160104e+09
5.577233070979228842e+02	1.019998957184561729e+09
5.573001528718306190e+02	1.038092724489898443e+09
5.568769986457383538e+02	1.164071170280634403e+09
5.564538444196459750e+02	9.560477975661270618e+08
5.560306901935537098e+02	1.026940789455418110e+09
5.556075359674614447e+02	9.871654683042898178e+08
5.551843817413691795e+02	1.010554492769291520e+09
5.547612275152768007e+02	1.144584163738878250e+09
5.543380732891845355e+02	1.068856250157569528e+09
5.539149190630922703e+02	9.308274464548199177e+08
5.534917648370000052e+02	1.098715755741782188e+09
5.530686106109076263e+02	1.013927139051573873e+09
5.526454563848153612e+02	1.230389119921902418e+09
5.522223021587230960e+02	1.035039970886862397e+09
5.517991479326308308e+02	8.306951432347790003e+08
5.513759937065384520e+02	1.148990689382497311e+09
5.509528394804461868e+02	9.444592651469004154e+08
5.505296852543539217e+02	1.180291838535707712e+09
5.501065310282616565e+02	8.409758499884634018e+08
5.496833768021692777e+02	1.173593185870618105e+09
5.492602225760770125e+02	1.330901990180737257e+09
5.488370683499847473e+02	1.094368289860801458e+09
5.484139141238924822e+02	1.278333326372407675e+09
5.479907598978001033e+02	6.699820666357767582e+08
5.475676056717078382e+02	9.145428311104482412e+08
5.471444514456155730e+02	1.419471074945440769e+09
5.467212972195233078e+02	1.169979239004328728e+09
5.462981429934309290e+02	9.544505610586127043e+08
5.458749887673386638e+02	9.412881510361589193e+08
5.454518345412463987e+02	7.963197206761021614e+08
5.450286803151541335e+02	1.004267118693798661e+09
5.446055260890617546e+02	1.234952932920588017e+09
5.441823718629694895e+02	6.586914372311936617e+08
5.437592176368772243e+02	1.000699762853215575e+09
5.433360634107849592e+02	1.498023179958139896e+09
5.429129091846925803e+02	1.129571374737400770e+09
5.424897549586003151e+02	1.022923478088795185e+09
5.420666007325080500e+02	1.738295814943397760e+09
5.416434465064157848e+02	1.936500952681953430e+09
5.412202922803234060e+02	1.193610764175051451e+09
5.407971380542311408e+02	1.337108066993838787e+09
5.403739838281388757e+02	7.721806625033551455e+08
5.399508296020466105e+02	7.237491556733739376e+08
5.395276753759543453e+02	1.178731413415977716e+09
5.391045211498619665e+02	1.316828246474803448e+09
5.386813669237697013e+02	1.974529244639091969e+09
5.382582126976774362e+02	1.224898762496017218e+09
5.378350584715851710e+02	1.093623831904704809e+09
5.374119042454927921e+02	1.315922845506839275e+09
5.369887500194005270e+02	9.519611502642180920e+08
5.365655957933082618e+02	1.339155275039456367e+09
5.361424415672159967e+02	1.111251243774619102e+09
5.357192873411236178e+02	1.032089615894260883e+09
5.352961331150313526e+02	1.065886374994683027e+09
5.348729788889390875e+02	1.486495840071621418e+09
5.344498246628468223e+02	2.917429204037926197e+09
5.340266704367544435e+02	1.775003187213037729e+09
5.336035162106621783e+02	2.067255486380156040e+09
5.331803619845699131e+02	1.778836018509055614e+09
5.327572077584776480e+02	1.070748227087655306e+09
5.323340535323852691e+02	1.685068372289089680e+09
5.319108993062930040e+02	1.022239210345995426e+09
5.314877450802007388e+02	1.323495955844639301e+09
5.310645908541084736e+02	1.029444243310682297e+09
5.306414366280160948e+02	1.544704186965213299e+09
5.302182824019238296e+02	1.301210330364237070e+09
5.297951281758315645e+02	1.992749642375890970e+09
5.293719739497392993e+02	1.995933904585432053e+09
5.289488197236469205e+02	9.787332365505533218e+08
5.285256654975546553e+02	9.707815990112749338e+08
5.281025112714623901e+02	9.028832011361404657e+08
5.276793570453701250e+02	1.367823553437876940e+09
5.272562028192777461e+02	1.124807096796623468e+09
5.268330485931854810e+02	8.700843656373436451e+08
5.264098943670932158e+02	8.270655064653317928e+08
5.259867401410009506e+02	9.321682466212029457e+08
5.255635859149085718e+02	1.093962615351704121e+09
5.251404316888163066e+02	8.710129914893590212e+08
5.247172774627240415e+02	1.391831001384804726e+09
5.242941232366317763e+02	8.627016993927428722e+08
5.238709690105393975e+02	1.053139077582445741e+09
5.234478147844471323e+02	1.070469993889055490e+09
5.230246605583548671e+02	1.043579904272801757e+09
5.226015063322626020e+02	1.270718282231736183e+09
5.221783521061703368e+02	9.929535410478777885e+08
5.217551978800779580e+02	1.467406447759106398e+09
5.213320436539856928e+02	1.151918468174728155e+09
5.209088894278934276e+02	9.779458740978031158e+08
5.204857352018011625e+02	1.134859939465774536e+09
5.200625809757087836e+02	1.025555110930772066e+09
5.196394267496165185e+02	1.766504411026737928e+09
5.192162725235242533e+02	2.397410862332049370e+09
5.187931182974319881e+02	1.993393519323268890e+09
5.183699640713396093e+02	2.420628801396578312e+09
5.179468098452473441e+02	1.990021535998612165e+09
5.175236556191550790e+02	2.782048048948283195e+09
5.171005013930628138e+02	3.961154015860877037e+09
5.166773471669704350e+02	4.017290874833813667e+09
5.162541929408781698e+02	5.497125903716819763e+09
5.158310387147859046e+02	7.066277172907459259e+09
5.154078844886936395e+02	5.470154266731529236e+09
5.149847302626012606e+02	1.489380657146039724e+09
5.145615760365089955e+02	6.200222275785512924e+09
5.141384218104167303e+02	4.289823077119358540e+09
5.137152675843244651e+02	9.470066788098220825e+09
5.132921133582320863e+02	7.053715221385948181e+09
5.128689591321398211e+02	5.056009905047904968e+09
5.124458049060475560e+02	5.514220416367467880e+09
5.120226506799552908e+02	2.579611988294242382e+09
5.115994964538629119e+02	3.812496045440411091e+09
5.111763422277706468e+02	1.592494320304867268e+09
5.107531880016783816e+02	1.042588427241227913e+10
5.103300337755861165e+02	8.897604234448442459e+09
5.099068795494937376e+02	9.003556241892410278e+09
5.094837253234014725e+02	8.557252751062458992e+09
5.090605710973092073e+02	7.505319828354645729e+09
5.086374168712169421e+02	8.303445362740916252e+09
5.082142626451245633e+02	6.521165462005834579e+09
5.077911084190322981e+02	1.347737460775740242e+10
5.073679541929400330e+02	4.564442307272709846e+09
5.069447999668477678e+02	7.965514382177094460e+09
